0 148 149 150 152 153 154 156 157 158 159 160 161 162 -1
1 194 -1
2 227 228 229 230 -1
3 255 256 257 -1
4 -1
5 308 309 312 313 314 315 316 -1
6 153 -1
7 -1
8 -1
9 431 0 -1
10 -1
11 -1
12 501 157 502 -1
13 505 506 -1
14 522 523 524 -1
15 544 545 546 -1
16 -1
17 563 -1
18 568 569 570 571 -1
19 583 1926 584 585 205 586 587 588 589 590 -1
20 592 593 594 39 595 596 597 598 599 601 602 603 604 605 607 608 609 610 611 612 613 614 -1
21 -1
22 627 544 -1
23 -1
24 -1
25 -1
26 700 -1
27 -1
28 -1
29 -1
30 742 743 745 746 747 748 544 370 -1
31 773 774 -1
32 777 205 2 778 779 780 52 781 -1
33 -1
34 801 -1
35 -1
36 819 -1
37 825 -1
38 828 -1
39 840 -1
40 857 -1
41 -1
42 -1
43 -1
44 906 -1
45 912 -1
46 -1
47 934 935 936 937 938 939 940 941 942 943 944 945 946 947 948 949 950 951 952 953 956 957 958 959 960 961 962 -1
48 -1
49 987 988 989 990 991 992 993 994 995 996 997 998 999 1000 1001 1002 1003 1004 1005 1006 1007 1008 1009 1010 1011 1012 1013 -1
50 1018 -1
51 1022 -1
52 -1
53 -1
54 1054 -1
55 1065 1066 1067 -1
56 1 585 583 -1
57 1073 1074 -1
58 -1
59 1097 -1
60 1104 -1
61 -1
62 1111 1112 585 1113 1114 1115 1 1116 1117 147 5 1118 1119 1120 1121 1122 1123 4 1124 1125 1126 1127 1128 1129 1130 1131 108 1132 1133 1134 0 1135 1136 1137 1138 1139 1140 1141 -1
63 583 1142 -1
64 1148 -1
65 1149 -1
66 1151 -1
67 1153 585 1154 1131 205 1138 1155 1156 1158 1159 1160 1161 1162 778 1163 -1
68 -1
69 -1
70 1183 -1
71 1201 1202 1203 -1
72 -1
73 1217 -1
74 1219 585 -1
75 1220 -1
76 1223 1224 -1
77 1225 1226 1236 1241 1242 1243 1244 -1
78 1249 1250 1251 1252 1253 1254 1255 1256 1257 1258 1259 1260 1261 1262 1263 1264 1265 1266 1267 1268 1269 1270 1271 1272 1273 1274 1275 1276 1277 1278 -1
79 1292 1294 1295 1296 1297 1298 1299 1300 1301 1302 1303 1304 1305 1306 1307 1308 1309 1313 1314 1315 1316 1317 1318 1319 1320 1323 1324 1325 1326 -1
80 1329 124 1124 1330 1331 583 1000 205 1332 23 780 1333 108 1334 39 1335 1336 8 11 1337 1338 1339 1340 1341 -1
81 1345 1346 1347 1348 1349 1350 1351 1352 1353 1354 1355 1356 1357 1358 -1
82 124 34 32 1362 1363 1364 1365 1366 1367 1368 1369 1370 1371 1372 230 1373 1374 1375 1376 5 1377 1378 1379 1380 1381 1382 1383 1384 -1
83 756 -1
84 1387 -1
85 1388 1389 1390 1391 -1
86 1418 1421 1422 1423 1424 1425 -1
87 -1
88 -1
89 1443 1444 1445 1446 1447 1448 1391 1449 -1
90 1468 -1
91 1470 -1
92 -1
93 -1
94 1504 1505 1506 -1
95 1513 1514 1515 1516 1517 1518 1519 1520 1522 1523 1524 1526 1527 -1
96 -1
97 -1
98 -1
99 -1
100 1294 -1
101 748 1575 544 -1
102 1580 778 -1
103 1603 -1
104 1605 1608 1609 -1
105 -1
106 -1
107 1131 1356 1618 1355 1619 1620 1621 1622 1623 1624 1625 1626 1627 1628 1629 1630 -1
108 -1
109 -1
110 1662 -1
111 -1
112 -1
113 -1
114 1672 1673 -1
115 -1
116 -1
117 1058 1059 1060 1061 1062 1063 1064 1066 -1
118 1707 1708 -1
119 1714 1715 -1
120 1717 -1
121 -1
122 1725 1726 1727 1728 1729 1730 583 1731 1732 1411 1733 1734 1735 35 1736 1737 -1
123 1738 -1
124 1741 1742 1743 1744 1376 1745 1746 1747 1748 1749 588 1750 1751 1752 1753 2 1754 1124 1755 80 1756 1757 1758 1759 1760 1761 1762 1763 1764 1765 1766 1767 1768 1769 1770 1771 1772 1773 1774 21 1366 -1
125 1790 1791 1792 1793 1794 -1
126 -1
127 1813 -1
128 -1
129 1852 1853 1854 -1
130 -1
131 988 1873 584 1874 1875 1339 1876 1877 1878 1879 1880 1000 1881 583 39 544 1882 1883 1884 52 1885 1886 1887 1888 1889 374 1890 1891 1892 1893 1894 1895 1896 702 147 748 1732 -1
132 1904 1905 1906 -1
133 1908 1909 1910 583 1911 1912 1913 1914 1915 1916 612 147 1917 1918 1919 1920 1921 1922 1923 1924 1925 585 778 1337 1926 1927 1928 -1
134 -1
135 1960 1985 1986 -1
136 1988 1989 -1
137 1990 -1
138 1995 1996 1998 1999 2000 2001 2003 2004 2005 2011 2012 2013 2014 2015 -1
139 -1
140 2017 2018 2019 2020 2021 -1
141 1067 2023 2024 2025 2026 2027 2028 2029 2030 1626 2 1618 2031 2032 2033 2034 2035 2036 -1
142 583 2046 2047 2048 1339 988 778 -1
143 -1
144 1411 1339 2061 2062 2063 1640 2064 2065 2066 -1
145 801 2069 2070 2071 2072 -1
146 748 2074 2075 2076 2077 2078 -1
147 597 -1
148 -1
149 -1
150 -1
151 65 1154 1853 1806 1332 108 1 9 1131 1111 503 585 6 1127 14 1153 1138 25 2015 2022 1117 160 -1
152 -1
153 -1
154 1758 1152 1852 583 0 1335 95 1219 1134 -1
155 156 157 158 9 118 -1
156 -1
157 -1
158 1758 1152 1852 583 0 1335 95 1219 1134 -1
159 -1
160 -1
161 -1
162 -1
163 503 1990 -1
164 503 2022 0 -1
165 0 1806 -1
166 2015 -1
167 1113 -1
168 0 -1
169 0 4 2061 1159 1112 954 1158 160 -1
170 1113 2015 1710 -1
171 1117 2031 2022 1111 14 108 568 1353 -1
172 1153 205 1112 0 -1
173 0 2 4 2061 1159 315 160 -1
174 1345 1346 1347 1348 1349 0 14 1153 1340 1737 746 583 778 999 -1
175 1159 0 -1
176 205 1112 -1
177 1154 -1
178 0 -1
179 583 1926 30 -1
180 0 1604 1914 1113 2015 315 160 -1
181 2015 1159 1951 585 0 1153 778 503 -1
182 585 -1
183 -1
184 1153 1335 1117 1158 269 503 108 585 1112 2015 14 -1
185 1710 -1
186 1131 1332 585 0 5 2 1154 205 1138 1155 1156 1157 1158 1159 1160 1161 1162 778 1163 -1
187 0 -1
188 1113 777 2022 587 586 0 1153 -1
189 1153 0 932 2022 1332 -1
190 1710 2015 -1
191 1753 0 1732 746 -1
192 1112 1159 -1
193 0 1113 -1
194 -1
195 2035 1618 3 2032 -1
196 1 1154 1440 -1
197 1813 -1
198 174 3 -1
199 1345 1346 1347 1348 1349 1354 1355 1356 -1
200 2048 588 0 1748 2 1335 1154 1159 108 585 153 1853 1127 -1
201 2015 1 583 1732 -1
202 1 9 -1
203 2031 1134 1135 2 585 1131 1111 440 108 153 1 1482 -1
204 1 -1
205 -1
206 585 1131 0 1125 503 108 1 3 -1
207 1113 1154 1125 1 1339 1127 -1
208 205 585 583 778 779 1505 -1
209 774 -1
210 315 -1
211 1 1131 9 -1
212 1338 1 954 -1
213 585 503 1 -1
214 108 585 205 503 1159 0 1153 778 -1
215 1528 585 1 583 1337 3 1758 1158 -1
216 583 1 -1
217 0 1153 205 -1
218 1022 1130 1 1748 585 -1
219 2 583 1 25 -1
220 1132 587 586 588 1933 1 585 -1
221 503 0 205 2 108 1158 585 1482 1333 -1
222 585 1 1154 -1
223 1 583 -1
224 2015 1 -1
225 1132 2 503 585 1 -1
226 205 585 -1
227 -1
228 -1
229 -1
230 1926 583 -1
231 25 2 1160 1131 1132 108 585 1 14 2022 0 124 8 5 1774 1159 1130 1990 1335 447 230 -1
232 1748 87 583 989 2 585 1 3 82 1170 517 1741 2022 777 1852 1732 1528 587 1926 503 779 1440 -1
233 2 -1
234 1113 1640 1339 989 2 1710 -1
235 503 2 160 -1
236 2 25 954 -1
237 998 2 -1
238 2 584 585 -1
239 1335 2 346 -1
240 2 778 583 1339 -1
241 503 2022 585 780 2 -1
242 2 587 586 -1
243 2 1154 1117 1158 585 440 1112 -1
244 315 -1
245 2 -1
246 1813 -1
247 1806 1807 1808 1809 1810 1812 1813 1363 1814 1821 1822 1823 1824 1825 1826 1827 1828 1829 1830 1831 1832 1833 1834 1835 1836 1837 1838 1839 1840 1841 1842 1843 1844 1845 -1
248 1018 2 587 586 588 1440 -1
249 10 1 1112 2 30 746 743 -1
250 2 -1
251 1117 2 2015 1160 1440 -1
252 2 780 -1
253 1751 2 1888 124 1770 1771 1772 -1
254 0 2 585 1158 160 1131 503 779 -1
255 -1
256 -1
257 3 -1
258 1852 255 503 1154 -1
259 2015 954 586 3 2012 1604 -1
260 586 587 585 1 1154 -1
261 1124 3 583 1888 1751 778 1748 -1
262 1115 -1
263 3 -1
264 1132 989 3 -1
265 3 -1
266 1813 -1
267 1926 585 -1
268 1813 315 -1
269 -1
270 1117 1153 0 3 1131 1 777 -1
271 1153 3 1 503 -1
272 1154 1158 585 1 3 -1
273 308 309 -1
274 583 3 -1
275 3 -1
276 585 -1
277 503 3 2022 1604 568 2015 -1
278 1124 585 1 3 2079 583 1888 1732 1748 -1
279 1806 1807 1808 1809 1810 1812 1813 1811 1814 1815 1816 1817 1818 1819 1821 1822 1823 1824 1825 1826 1827 1828 1829 1830 1831 1832 1833 1834 1835 1836 1837 1838 1839 1840 1841 1842 1843 1844 1845 -1
280 5 3 588 587 586 -1
281 1468 4 -1
282 0 4 -1
283 0 4 183 -1
284 4 -1
285 4 954 0 52 65 1153 -1
286 108 1332 0 4 1853 1131 1154 1153 1117 1 -1
287 0 503 1853 1154 4 -1
288 1813 -1
289 4 954 0 52 65 1153 -1
290 1806 1339 124 34 1365 4 -1
291 0 151 4 -1
292 0 4 183 153 1378 1379 1380 1381 1382 1383 1384 -1
293 1111 124 0 1153 1117 568 1125 503 108 1 1156 9 1127 1138 25 231 14 4 1853 1332 918 159 8 68 774 -1
294 4 -1
295 0 4 -1
296 0 4 183 153 1378 1379 1380 1381 1382 1383 1384 -1
297 4 -1
298 0 2061 1159 315 4 1332 1 1112 -1
299 954 0 -1
300 1125 0 2 4 2061 1159 1 315 160 954 151 1131 1332 1112 -1
301 4 -1
302 4 585 9 3 6 14 1 62 1332 75 -1
303 4 -1
304 0 1153 4 1159 -1
305 0 4 -1
306 0 4 954 -1
307 0 4 183 153 1378 1379 1380 1381 1382 1383 1384 -1
308 309 -1
309 -1
310 -1
311 588 587 586 2011 -1
312 -1
313 -1
314 -1
315 1806 1807 1808 1809 1810 1812 1813 1814 1821 1822 1823 1824 1825 1826 1827 1828 1829 1830 1831 1832 1833 1834 1835 1836 1837 1838 1839 1840 1841 1842 1843 1844 1845 -1
316 1748 -1
317 273 -1
318 1124 28 5 10 1115 1129 95 1134 273 -1
319 1068 5 -1
320 5 583 -1
321 5 -1
322 585 9 3 778 1129 1000 1621 -1
323 1933 1068 778 310 5 124 1000 1483 1853 1002 1873 -1
324 124 34 32 1362 1364 1363 1365 1366 1367 1368 1369 1370 1371 1372 230 1373 1374 1375 1376 5 -1
325 1333 -1
326 586 5 1113 -1
327 586 -1
328 42 2064 124 1124 5 1767 -1
329 1113 1273 5 1158 1852 588 -1
330 1124 778 5 -1
331 273 -1
332 5 -1
333 134 -1
334 5 588 -1
335 1884 583 1888 5 10 -1
336 587 586 -1
337 6 -1
338 0 1153 1154 1117 1138 1131 1125 1158 1159 503 108 1113 1 585 153 1753 1135 1127 2022 -1
339 25 0 65 2 1154 88 1117 1131 1125 2015 1113 134 1140 503 1332 230 588 108 1710 1 585 153 440 1135 1853 1127 568 777 14 1158 315 160 -1
340 1153 503 -1
341 0 1154 1125 134 1332 108 1 9 6 1127 14 -1
342 2048 0 1153 1117 1158 503 108 585 6 -1
343 25 0 1153 1154 1335 1117 1131 1111 1125 1113 134 1132 503 1332 108 585 1 9 6 150 1135 1127 2015 14 1066 748 -1
344 0 2 1154 1117 1131 1125 1482 1159 503 108 1 585 6 1112 1138 2015 2022 -1
345 1138 777 588 -1
346 25 0 1154 1335 1117 568 1125 134 503 108 1 585 153 1135 1127 2015 2022 -1
347 14 1117 108 585 205 6 126 8 2 1335 -1
348 2 1117 503 108 153 779 1135 1127 0 1154 1 588 777 2015 151 -1
349 6 -1
350 503 1022 1158 160 2061 25 0 2 1154 1125 108 1 153 585 1112 -1
351 1 6 -1
352 1813 -1
353 25 1154 1117 568 1125 503 585 6 1135 1127 777 -1
354 585 1158 1335 205 8 6 -1
355 1131 25 2 0 1335 1154 1117 1990 503 1332 108 585 1 153 1112 1753 1853 -1
356 25 0 2 1117 1131 1125 503 1154 1332 108 1 6 1853 1135 777 2022 -1
357 68 -1
358 2 1158 1159 503 1332 108 1 585 6 1753 214 2022 -1
359 1748 2 1117 1127 517 446 503 3 108 585 1113 1138 0 1115 1 9 6 -1
360 585 108 205 1125 3 6 1154 1332 1335 0 1127 2 1131 25 2022 503 1117 230 231 1339 1672 777 522 -1
361 25 1154 1125 2015 503 108 585 1113 1 153 1853 1135 1127 -1
362 1117 108 205 9 6 14 126 -1
363 2 1117 503 108 153 779 1135 1127 0 1154 9 1 588 777 2015 151 -1
364 1138 1125 2015 503 108 585 6 1135 1 9 -1
365 588 777 0 1335 1117 1990 108 1 6 9 1135 1127 2 2022 230 1951 1853 -1
366 25 0 2 1335 1154 1125 503 2015 108 1 585 9 6 1135 1127 -1
367 0 2 1117 1131 1332 108 1 585 1113 153 1156 1135 1127 2015 14 1990 214 157 501 1140 64 -1
368 743 1732 583 1000 1881 584 377 742 89 996 998 70 24 1152 824 1219 544 1916 756 370 1424 22 1340 1001 7 612 594 39 38 -1
369 994 -1
370 1737 389 23 7 1339 1001 748 -1
371 748 1737 30 -1
372 1339 1411 1732 377 39 7 596 -1
373 596 7 594 147 611 -1
374 583 1732 544 1411 748 1018 2011 1926 85 -1
375 7 596 -1
376 546 -1
377 994 1142 7 1767 1411 584 1339 996 -1
378 1732 7 544 1751 -1
379 849 1196 1411 1010 7 1097 -1
380 7 594 611 596 39 147 2075 2074 -1
381 743 7 1806 15 824 389 544 748 1737 1732 1411 -1
382 1131 7 988 748 1926 584 2075 1874 583 1888 1337 1219 1877 778 -1
383 584 1448 544 7 70 -1
384 1911 748 828 596 594 7 -1
385 748 1576 1732 -1
386 583 2073 996 1000 1448 -1
387 85 1908 7 584 583 -1
388 996 1411 995 1448 748 1916 1748 1767 584 147 39 989 824 1881 7 1874 583 1337 1000 1736 1732 2074 -1
389 1737 7 1424 1001 748 -1
390 7 988 1352 1908 1926 584 2075 1874 583 1888 1337 1219 1877 778 1138 -1
391 7 -1
392 1710 7 -1
393 989 778 7 1908 1000 583 1001 -1
394 840 2015 1411 7 1926 584 2074 583 748 742 1732 777 -1
395 7 594 612 -1
396 7 -1
397 7 -1
398 609 597 592 7 39 -1
399 51 1888 778 583 1339 1000 109 70 -1
400 748 1339 2077 24 2061 315 1911 954 594 126 597 373 7 828 616 -1
401 7 194 30 996 -1
402 -1
403 8 65 2 -1
404 8 -1
405 8 -1
406 8 -1
407 1469 1111 0 8 -1
408 402 8 -1
409 1153 1335 8 -1
410 8 -1
411 1811 8 -1
412 1138 1131 585 1335 503 108 205 0 1153 8 -1
413 1339 1748 8 124 -1
414 8 -1
415 1124 423 147 8 -1
416 0 1124 8 1626 -1
417 1754 93 423 8 205 585 583 988 108 1000 998 778 -1
418 1117 1125 108 585 1753 14 8 2022 -1
419 124 2 1138 1338 1117 1131 1356 1159 1332 108 585 205 9 1753 1 1335 107 8 -1
420 1117 1155 1153 8 1124 1774 782 134 -1
421 503 989 583 1742 46 778 773 1124 124 1758 2 8 -1
422 8 -1
423 1345 1346 1347 1348 1349 8 -1
424 8 205 583 -1
425 1908 778 746 5 10 8 11 1339 -1
426 8 2 1634 -1
427 8 10 1336 585 11 605 315 -1
428 2 8 1338 1335 778 -1
429 8 2 1335 -1
430 8 1335 -1
431 -1
432 784 -1
433 148 -1
434 2 1154 1117 1131 1125 503 1672 108 585 1 9 777 1113 2022 -1
435 583 9 -1
436 9 -1
437 9 103 -1
438 1 1131 9 -1
439 1813 -1
440 2 1154 1117 1125 503 585 1 9 779 777 -1
441 1154 1926 503 1 585 9 583 1337 -1
442 954 1710 -1
443 585 9 1 583 989 1000 1888 -1
444 3 9 2 -1
445 9 -1
446 25 0 1335 1154 1131 1111 1155 1125 1132 108 1113 585 1 9 3 91 2015 14 2022 -1
447 2 9 1618 503 1 -1
448 1758 1152 1852 583 0 1335 95 1219 1134 -1
449 583 0 9 -1
450 1440 1124 1737 1732 -1
451 0 1335 1154 1131 1111 1155 1125 1132 108 1113 585 1 9 3 25 91 2015 14 2022 -1
452 1154 1852 230 108 585 1 9 1138 -1
453 108 1 1140 9 1853 -1
454 230 1154 1117 1125 503 1672 108 585 1 9 1853 777 2022 2041 1926 584 583 1337 522 -1
455 778 102 583 -1
456 746 10 -1
457 2011 1926 1908 778 583 1000 823 586 588 587 2006 1994 -1
458 10 1885 1580 -1
459 1910 1710 1926 1113 594 583 988 1908 1000 1881 746 52 1885 1893 1888 1337 1877 1339 778 147 1879 1874 1890 954 1933 -1
460 10 -1
461 10 583 -1
462 10 586 588 587 2012 777 -1
463 41 1339 78 -1
464 10 -1
465 10 -1
466 10 -1
467 587 586 588 2048 -1
468 10 583 -1
469 10 -1
470 1608 10 989 -1
471 1879 10 -1
472 5 147 -1
473 10 -1
474 10 -1
475 778 102 583 -1
476 1926 1332 2055 778 1908 1879 1333 10 1907 1710 1640 954 -1
477 10 1000 778 -1
478 10 -1
479 588 1748 -1
480 205 0 10 1888 583 -1
481 1124 10 51 5 -1
482 527 10 1933 -1
483 11 1876 1916 1910 1908 1926 1000 594 584 24 26 1874 990 997 583 1875 1337 102 992 1877 2073 996 1152 70 989 999 -1
484 11 583 778 -1
485 585 11 1124 -1
486 1618 -1
487 1411 11 1806 1736 35 1876 1916 1339 1880 1873 988 1910 2015 1368 2077 748 -1
488 1152 151 1990 1 124 1873 1339 -1
489 11 2011 -1
490 1813 315 -1
491 1124 28 0 11 19 2 1131 129 1892 1332 1 583 1152 214 -1
492 1115 -1
493 1000 423 -1
494 11 1336 -1
495 583 585 -1
496 28 1124 124 1748 11 1335 1131 1125 269 273 1170 19 -1
497 11 -1
498 11 1879 1876 1353 1916 988 1352 1908 1926 1000 584 2075 83 24 2074 26 1881 2062 1874 583 773 997 1888 1337 1219 102 89 992 1339 2073 1001 546 1710 756 989 1883 996 1113 544 70 778 824 1893 -1
499 5 1124 0 11 46 -1
500 1339 1124 11 1 1000 -1
501 1140 0 9 -1
502 -1
503 -1
504 585 12 1712 134 2022 1158 -1
505 -1
506 -1
507 505 506 -1
508 124 1758 -1
509 1270 588 1879 1758 154 -1
510 32 129 1758 111 -1
511 28 1124 1758 124 11 19 1335 1131 1170 1125 5 -1
512 1758 -1
513 1758 1152 1852 583 0 1335 95 1219 1134 -1
514 108 1335 1154 585 1758 -1
515 32 129 1758 111 -1
516 1813 315 -1
517 1758 1152 1852 583 0 1335 95 1219 1134 -1
518 1806 1807 1808 1809 1810 1812 1813 1814 1821 1822 1823 1824 1825 1826 1827 1828 1829 1830 1831 1832 1833 1834 1835 1836 1837 1838 1839 1840 1841 1842 1843 1844 1845 -1
519 1813 315 -1
520 1758 -1
521 1758 -1
522 14 -1
523 -1
524 -1
525 0 2 1154 1335 1131 1125 503 108 1 585 14 -1
526 14 -1
527 583 52 584 778 1131 14 -1
528 585 2061 1131 1 14 1806 1127 1135 108 1125 1154 230 -1
529 1813 315 -1
530 0 2 1335 1131 503 585 205 14 2022 1158 -1
531 1138 -1
532 1097 -1
533 1126 1131 1125 1155 2015 9 503 1332 1469 585 58 1 153 1127 25 14 2022 -1
534 587 1926 1339 1337 1113 2013 -1
535 503 585 1117 108 14 1153 1138 -1
536 2022 522 -1
537 1813 -1
538 14 -1
539 1813 315 -1
540 1813 -1
541 14 -1
542 1153 1335 1117 1158 269 503 108 1 585 1112 2015 14 -1
543 1748 1335 1125 -1
544 -1
545 -1
546 1326 2015 1018 -1
547 15 583 -1
548 16 -1
549 16 -1
550 16 -1
551 16 1710 -1
552 1710 16 2015 -1
553 16 -1
554 16 553 -1
555 16 22 840 -1
556 16 -1
557 16 -1
558 16 -1
559 16 -1
560 16 -1
561 16 -1
562 16 -1
563 -1
564 124 1604 97 17 565 1008 1585 142 1012 596 1007 -1
565 -1
566 124 1604 97 17 565 1339 -1
567 -1
568 -1
569 -1
570 -1
571 1806 -1
572 1332 205 1112 -1
573 2061 1159 0 205 1112 -1
574 205 1112 -1
575 0 108 1 1154 503 -1
576 205 1112 -1
577 1332 205 524 1112 1853 2015 -1
578 39 612 583 1911 1003 41 89 1888 0 151 1154 1853 1332 205 780 108 582 75 -1
579 1112 1853 -1
580 151 4 954 1332 567 205 -1
581 1125 1154 1332 1 1853 1022 1852 -1
582 954 -1
583 1874 -1
584 -1
585 -1
586 -1
587 588 -1
588 586 587 -1
589 -1
590 -1
591 2011 -1
592 -1
593 1608 -1
594 -1
595 39 1908 840 -1
596 -1
597 -1
598 -1
599 -1
600 -1
601 -1
602 -1
603 -1
604 -1
605 -1
606 840 -1
607 -1
608 -1
609 -1
610 -1
611 -1
612 39 1751 -1
613 -1
614 -1
615 377 594 609 20 597 1928 583 1888 778 616 678 -1
616 120 20 594 828 596 605 -1
617 748 20 1910 1339 584 988 -1
618 1768 1769 21 1366 1125 1752 1742 1743 1747 -1
619 21 -1
620 21 -1
621 1767 -1
622 21 1767 1579 -1
623 21 1113 954 1223 1926 -1
624 21 -1
625 21 778 -1
626 21 -1
627 -1
628 1741 -1
629 22 -1
630 22 -1
631 22 1724 1710 -1
632 22 544 748 -1
633 22 -1
634 22 -1
635 748 1732 22 544 -1
636 763 746 1908 377 748 989 1879 30 544 1732 22 7 23 1576 -1
637 748 22 1576 -1
638 24 22 7 369 746 748 377 30 989 763 544 1404 70 1732 23 1576 1741 -1
639 7 1737 748 22 1576 -1
640 22 -1
641 370 742 -1
642 678 748 24 23 1914 -1
643 1732 848 24 1806 7 44 54 85 746 369 1710 748 30 763 544 70 23 -1
644 23 -1
645 23 -1
646 23 30 -1
647 23 -1
648 23 -1
649 1732 848 24 1806 7 44 54 85 746 369 748 30 763 544 70 23 -1
650 1340 748 1806 544 23 -1
651 641 -1
652 1710 23 756 954 -1
653 748 7 23 743 744 370 1424 -1
654 1732 24 848 1806 7 44 54 85 746 369 1710 748 30 763 544 70 23 -1
655 119 748 39 377 1219 583 989 86 85 584 1882 2074 23 1881 1000 1732 544 -1
656 -1
657 988 615 1908 1892 594 584 24 52 583 1888 1883 70 778 -1
658 24 -1
659 1333 1710 1876 988 1000 52 583 1888 1883 1879 778 824 1890 -1
660 1908 24 778 1879 1333 -1
661 1916 583 24 70 778 1333 1911 -1
662 24 -1
663 24 -1
664 24 584 583 544 1732 -1
665 1908 1736 1876 1000 584 2062 583 1877 1339 778 612 147 611 -1
666 1411 748 1000 588 2062 1339 544 1731 1878 -1
667 742 756 85 748 -1
668 377 24 584 -1
669 605 24 2074 1736 1916 2077 1881 -1
670 1444 1404 727 24 1908 678 616 748 121 583 1881 2074 584 1874 1219 52 1888 89 1886 1887 1889 1890 860 988 715 85 1000 2069 742 1339 992 720 425 824 1143 851 596 70 216 778 1333 954 -1
671 24 2074 26 1881 1734 2062 1874 108 990 997 39 583 1710 1888 1337 102 1142 89 992 994 1877 2073 -1
672 7 988 584 1737 2074 24 583 1888 89 992 1339 377 1889 1732 2015 108 954 -1
673 1907 1908 24 2012 1018 2011 -1
674 1897 1339 24 1873 -1
675 24 1908 1892 583 778 -1
676 86 1732 748 1881 2074 70 544 1879 -1
677 748 24 678 147 996 377 716 1152 -1
678 1908 996 377 1000 1911 24 116 642 2073 677 1152 544 748 -1
679 1916 -1
680 24 593 592 -1
681 7 1339 24 70 748 544 584 988 583 1732 -1
682 1411 988 1908 2077 1339 24 2074 26 727 1888 1889 996 1152 678 70 1448 -1
683 584 583 1152 70 24 -1
684 24 -1
685 70 24 -1
686 256 25 -1
687 25 -1
688 25 -1
689 25 -1
690 25 1154 1125 1332 -1
691 25 2 1154 1117 1339 1125 503 1672 230 108 1 777 2022 1884 1926 1908 584 583 1219 778 522 -1
692 1154 1 1152 -1
693 25 -1
694 25 -1
695 503 25 777 2022 315 -1
696 1345 1346 1347 1348 1349 9 -1
697 25 2032 -1
698 25 0 1153 1117 134 2031 -1
699 1813 -1
700 -1
701 584 1879 1882 1908 26 1881 746 583 773 1888 1877 1883 996 778 -1
702 778 993 376 1578 1108 1411 1876 1000 584 1881 2062 583 26 992 1877 1339 996 1152 1732 546 -1
703 1411 1806 988 2077 1908 1737 85 584 2075 24 26 1874 89 39 377 544 678 70 778 1448 -1
704 315 -1
705 26 1908 823 -1
706 778 584 26 1888 583 1926 992 -1
707 2015 26 823 -1
708 743 583 26 -1
709 1448 1021 989 70 1881 26 746 583 1339 -1
710 778 912 10 26 -1
711 26 377 989 -1
712 1737 583 1736 2069 1876 389 2074 26 1881 52 2062 1339 1337 102 992 1877 1001 377 996 597 2075 -1
713 26 -1
714 1878 26 1456 -1
715 1352 -1
716 2074 1219 1888 1710 584 1411 26 27 996 377 70 824 678 742 -1
717 26 -1
718 778 -1
719 1916 1339 1926 1000 121 584 2074 26 1874 583 1337 1219 596 996 27 1732 1714 1715 -1
720 -1
721 315 -1
722 1916 988 1908 1926 1892 584 2074 26 1874 990 583 995 1893 1888 1339 612 1883 52 778 374 1878 -1
723 7 1411 85 584 2074 26 1881 1337 70 1448 -1
724 584 -1
725 3 1 1154 1888 1337 -1
726 27 596 583 1196 1737 1101 565 1732 1888 731 654 546 1748 194 -1
727 -1
728 28 -1
729 28 -1
730 1125 1154 28 5 -1
731 585 583 1140 778 1124 28 5 273 -1
732 28 5 10 1115 1129 273 -1
733 1154 28 1159 72 -1
734 28 1115 1134 1112 147 1990 -1
735 1339 28 -1
736 28 5 10 1129 273 544 1333 2 1335 1338 11 1339 147 840 -1
737 29 -1
738 29 -1
739 29 585 -1
740 29 -1
741 1748 583 1890 584 585 3 1335 1528 -1
742 -1
743 748 1737 -1
744 1608 -1
745 1813 315 -1
746 1737 743 742 747 544 748 756 370 -1
747 -1
748 -1
749 588 1000 819 778 1333 824 30 586 -1
750 1505 30 1339 -1
751 370 998 377 30 742 23 -1
752 1806 1807 1808 1809 1812 1813 1814 1820 1840 1841 1842 1843 1844 1845 1810 -1
753 824 63 30 1908 -1
754 30 -1
755 30 150 -1
756 742 743 747 -1
757 989 778 1737 30 988 743 583 1908 -1
758 145 1000 998 1001 743 30 742 1732 756 -1
759 1339 583 988 1337 30 989 70 778 -1
760 1340 -1
761 30 -1
762 30 -1
763 745 748 1882 30 744 544 996 1444 1340 678 1732 -1
764 1813 -1
765 777 954 1710 0 124 2 1159 1000 746 585 1 1753 1337 1135 1001 30 989 67 5 583 1747 2015 1113 1154 588 587 1294 1469 2013 2012 1505 503 2022 1440 1852 -1
766 1113 30 -1
767 30 -1
768 777 1424 583 989 30 -1
769 30 742 53 -1
770 1339 748 2077 954 30 389 1732 1881 -1
771 1143 30 -1
772 1813 -1
773 -1
774 -1
775 776 -1
776 1294 -1
777 -1
778 -1
779 256 -1
780 -1
781 -1
782 -1
783 -1
784 -1
785 9 -1
786 -1
787 33 786 -1
788 33 583 24 -1
789 4 1131 33 -1
790 801 -1
791 801 -1
792 801 -1
793 801 -1
794 801 -1
795 801 -1
796 801 -1
797 801 -1
798 801 -1
799 801 -1
800 801 -1
801 -1
802 124 34 1363 1365 1367 1368 1369 1370 1372 230 1373 1376 1362 1375 5 -1
803 124 5 230 1368 1369 1367 1365 1362 1375 1370 1373 34 1363 1372 1377 -1
804 124 34 32 1362 1364 1363 1365 1366 1367 1368 1369 1370 1371 1372 230 1373 1374 1375 1376 5 -1
805 124 34 32 1362 1363 1364 1365 1366 1367 1368 1369 1370 1371 1372 230 1373 1374 1375 1376 5 1378 1379 1380 1381 1382 1383 1384 -1
806 124 34 1363 1365 1367 1368 1369 1370 1372 230 1373 1376 1362 1375 5 -1
807 124 34 1362 1363 1365 1367 1368 1369 1370 1372 230 1373 1375 5 -1
808 34 1364 1363 1365 1366 1367 1368 124 1369 1370 1371 1372 230 1373 1376 1362 1375 5 -1
809 34 0 2 4 1363 1365 1335 1154 1117 1131 1366 1111 1155 1367 1368 1125 1132 1369 1370 1134 230 108 1113 585 183 1 9 3 1373 37 1127 1806 25 1138 231 1362 1375 5 2015 14 2022 -1
810 124 -1
811 583 1731 1732 1411 1733 1734 1735 35 1736 1737 -1
812 7 592 85 1737 86 24 583 70 1732 1411 35 1926 1881 -1
813 583 1731 1732 1411 1733 1734 1735 35 1736 1737 -1
814 583 1737 1736 1883 52 1885 1888 374 1734 1890 89 1891 1893 990 995 860 1116 993 1578 584 1108 26 1448 1916 116 24 7 593 611 612 592 147 1882 992 994 1876 1880 988 2062 1337 102 1877 1339 1878 1411 1806 35 2075 2074 1881 989 1001 1889 996 544 1152 1732 999 588 587 586 748 -1
815 583 1737 1736 1883 52 1885 1888 1734 1890 954 89 1891 1893 990 860 993 26 1448 1882 992 994 1916 7 593 611 612 592 147 1876 2062 102 1877 1878 1884 35 2075 1001 999 -1
816 1000 2074 1881 583 377 7 594 39 147 1876 1880 2062 1339 1877 1888 1890 1891 992 994 35 2075 24 1874 997 995 2073 996 544 70 999 1411 85 1732 1893 1916 2077 1908 116 748 656 1910 -1
817 35 -1
818 85 1916 1881 7 584 2074 1874 583 1337 1737 1736 1883 52 1888 1889 374 1891 1893 89 990 995 996 1448 748 147 1876 988 2062 144 1339 1877 1878 5 35 1806 377 544 1731 1767 1879 998 997 1926 655 1585 1732 1390 -1
819 -1
820 742 583 584 36 1908 1879 -1
821 36 -1
822 36 778 823 -1
823 -1
824 1411 1732 544 1003 85 1748 1888 1219 41 36 583 744 1339 988 1710 24 49 1448 753 716 756 -1
825 -1
826 1135 2 1117 1134 37 1127 1806 1138 231 -1
827 37 825 -1
828 -1
829 38 -1
830 38 -1
831 38 -1
832 1813 -1
833 38 -1
834 954 38 22 -1
835 38 160 -1
836 38 -1
837 1806 1807 1808 1809 1810 1812 1813 1814 1815 1816 1817 1818 1819 1820 1821 1822 1823 1824 1825 1826 1827 1828 1829 1830 1831 1832 1833 1834 1835 1836 1837 1838 1839 1840 1841 1842 1843 1844 1845 -1
838 38 -1
839 612 7 38 39 593 611 592 147 -1
840 -1
841 1751 39 1277 -1
842 614 612 601 -1
843 1715 -1
844 1113 1926 -1
845 2015 1339 39 1897 -1
846 583 39 778 -1
847 1908 39 584 778 -1
848 854 39 1196 -1
849 854 39 1196 -1
850 1604 124 97 612 1908 584 377 954 142 1012 607 544 1911 -1
851 39 -1
852 1339 -1
853 1339 583 7 39 1873 777 -1
854 612 7 748 -1
855 39 596 35 748 544 1411 609 610 594 778 -1
856 988 1908 584 42 1881 1874 583 954 1888 1339 601 607 85 546 1333 70 1732 1911 -1
857 584 -1
858 41 -1
859 41 -1
860 41 -1
861 41 -1
862 41 -1
863 1333 41 1142 1000 -1
864 41 39 1339 78 -1
865 1731 41 -1
866 42 1751 -1
867 42 1751 -1
868 314 583 42 -1
869 42 -1
870 1751 42 -1
871 42 1091 -1
872 42 1751 -1
873 1124 5 2064 124 42 -1
874 42 124 390 -1
875 1813 -1
876 42 -1
877 1002 1751 42 584 -1
878 42 1751 584 583 1732 194 -1
879 1751 42 1888 584 -1
880 42 2064 124 1124 5 756 -1
881 42 1751 -1
882 42 1751 -1
883 1751 42 -1
884 583 42 -1
885 42 1751 -1
886 42 874 -1
887 42 -1
888 1813 -1
889 1751 42 1888 584 -1
890 1332 -1
891 43 -1
892 43 -1
893 43 -1
894 43 -1
895 43 840 -1
896 43 823 1724 -1
897 43 -1
898 43 -1
899 43 -1
900 43 -1
901 43 -1
902 43 -1
903 43 -1
904 43 -1
905 43 -1
906 -1
907 1724 954 -1
908 1724 954 -1
909 1724 954 -1
910 1908 1916 1196 -1
911 614 912 -1
912 45 -1
913 45 -1
914 45 -1
915 45 -1
916 45 -1
917 7 596 45 824 -1
918 314 -1
919 314 5 1124 0 11 46 -1
920 46 525 -1
921 46 -1
922 46 -1
923 1853 1332 46 -1
924 1113 46 -1
925 46 -1
926 1129 1329 46 1990 -1
927 1604 46 726 -1
928 46 -1
929 46 -1
930 918 46 -1
931 1130 1748 1154 1951 1159 1332 46 -1
932 1158 1125 46 1332 503 -1
933 1113 46 -1
934 -1
935 -1
936 -1
937 -1
938 -1
939 -1
940 -1
941 -1
942 -1
943 -1
944 -1
945 -1
946 -1
947 -1
948 -1
949 -1
950 -1
951 -1
952 -1
953 -1
954 934 953 962 -1
955 934 956 953 957 958 959 960 961 962 -1
956 -1
957 -1
958 -1
959 -1
960 -1
961 -1
962 -1
963 934 956 953 957 958 959 960 961 962 -1
964 934 956 953 957 958 959 960 961 962 -1
965 934 956 953 957 958 959 960 961 962 -1
966 934 956 953 957 958 959 960 961 962 -1
967 934 956 953 957 958 959 960 961 962 -1
968 934 956 953 957 958 959 960 961 962 -1
969 934 956 953 957 958 959 960 961 962 -1
970 934 956 953 957 958 959 960 961 962 -1
971 934 956 953 957 958 959 960 961 962 -1
972 934 956 953 957 958 959 960 961 962 -1
973 934 956 953 957 958 959 960 961 962 -1
974 934 956 953 957 958 959 960 961 962 -1
975 934 956 953 957 958 959 960 961 962 -1
976 934 956 953 957 958 959 960 961 962 -1
977 934 956 953 957 958 959 960 961 962 -1
978 934 956 953 957 958 959 960 961 962 -1
979 934 956 953 957 958 959 960 961 962 -1
980 934 956 953 957 958 959 960 961 962 -1
981 934 956 953 957 958 959 960 961 962 -1
982 934 956 953 957 958 959 960 961 962 -1
983 -1
984 986 48 544 -1
985 48 983 -1
986 -1
987 -1
988 1751 21 584 583 1888 1337 52 1882 1339 -1
989 -1
990 -1
991 -1
992 -1
993 -1
994 -1
995 -1
996 -1
997 2074 778 1333 -1
998 1372 743 1424 -1
999 -1
1000 -1
1001 1732 748 544 998 1340 756 -1
1002 -1
1003 -1
1004 -1
1005 -1
1006 -1
1007 -1
1008 -1
1009 -1
1010 -1
1011 -1
1012 -1
1013 -1
1014 954 503 49 314 1741 -1
1015 1888 748 49 1732 596 544 -1
1016 756 998 83 753 1584 666 49 1001 744 746 30 743 371 824 -1
1017 565 988 1000 86 594 584 998 1881 1874 997 583 995 1886 1888 1337 1875 89 2073 377 49 1108 52 996 1333 1894 989 374 824 1911 999 -1
1018 -1
1019 1000 50 1010 -1
1020 1813 -1
1021 995 1411 1732 24 988 30 1874 1152 89 1737 996 26 1876 584 10 1339 989 583 1000 1219 1337 2073 50 1806 2069 7 609 744 1018 2012 840 -1
1022 -1
1023 2061 1735 1273 954 1339 777 2013 1933 -1
1024 51 -1
1025 1751 124 778 5 1000 1002 -1
1026 0 1806 780 52 -1
1027 583 1883 52 1885 1886 1888 1890 -1
1028 52 -1
1029 583 1888 1337 52 1882 992 -1
1030 1710 954 1852 2015 541 1332 -1
1031 52 -1
1032 583 1891 1883 1886 52 1885 1888 989 89 1882 -1
1033 583 52 -1
1034 778 583 1000 374 1883 52 1891 1892 1893 997 1874 102 1878 1339 -1
1035 778 583 52 584 -1
1036 1933 -1
1037 596 35 1806 1339 1411 1732 1888 742 583 52 989 544 1333 778 748 1926 1874 1000 743 -1
1038 1000 583 778 584 1874 997 1339 52 1888 1892 -1
1039 583 52 -1
1040 52 583 778 988 1897 -1
1041 1880 -1
1042 52 583 1333 1411 778 85 -1
1043 583 52 1854 -1
1044 124 1747 1129 585 52 -1
1045 1710 -1
1046 2 1 585 52 -1
1047 588 988 -1
1048 53 -1
1049 1147 583 63 273 53 367 954 -1
1050 872 216 715 584 70 113 53 1333 1113 1339 1505 -1
1051 1813 -1
1052 1418 53 2077 611 594 147 -1
1053 872 216 715 584 70 113 53 1333 1113 1339 1505 -1
1054 -1
1055 54 1339 -1
1056 583 1411 89 54 1388 1470 2063 2 0 585 2015 1154 -1
1057 596 584 1339 954 1897 748 612 7 54 583 988 -1
1058 -1
1059 -1
1060 -1
1061 -1
1062 -1
1063 -1
1064 -1
1065 1066 -1
1066 -1
1067 -1
1068 -1
1069 587 586 -1
1070 2015 -1
1071 782 -1
1072 777 524 -1
1073 -1
1074 -1
1075 57 -1
1076 57 -1
1077 801 57 -1
1078 1080 1077 -1
1079 57 -1
1080 57 -1
1081 57 -1
1082 58 -1
1083 1469 1332 58 -1
1084 124 346 778 -1
1085 58 1469 1132 -1
1086 584 -1
1087 58 -1
1088 1132 58 -1
1089 1469 58 -1
1090 1132 58 -1
1091 1345 1346 1347 1348 1349 1742 -1
1092 1126 1469 1332 1132 58 -1
1093 314 584 58 -1
1094 58 -1
1095 58 -1
1096 1126 1132 1469 58 954 1111 1154 1125 585 1 1853 503 2 0 4 1332 918 -1
1097 2013 2048 -1
1098 1097 -1
1099 59 -1
1100 59 -1
1101 -1
1102 59 1911 583 -1
1103 778 -1
1104 7 39 60 147 -1
1105 30 742 60 -1
1106 742 60 -1
1107 61 -1
1108 61 1003 1751 583 1888 584 1339 778 3 585 1335 1391 -1
1109 1874 1337 61 -1
1110 61 -1
1111 -1
1112 -1
1113 -1
1114 -1
1115 -1
1116 -1
1117 524 -1
1118 -1
1119 -1
1120 -1
1121 -1
1122 -1
1123 -1
1124 1345 1346 1347 1348 1349 -1
1125 -1
1126 -1
1127 -1
1128 828 -1
1129 777 205 2 778 779 780 52 781 -1
1130 -1
1131 -1
1132 -1
1133 -1
1134 -1
1135 1741 -1
1136 -1
1137 -1
1138 1131 -1
1139 -1
1140 -1
1141 -1
1142 -1
1143 778 63 583 584 997 746 1874 -1
1144 1147 583 63 273 53 367 -1
1145 1219 63 1000 1153 1335 205 585 0 -1
1146 63 -1
1147 778 63 584 583 1000 1874 997 988 -1
1148 -1
1149 -1
1150 1335 0 11 65 1153 10 1138 -1
1151 -1
1152 73 66 100 1853 -1
1153 -1
1154 -1
1155 -1
1156 255 256 257 -1
1157 -1
1158 1990 -1
1159 -1
1160 524 -1
1161 -1
1162 -1
1163 -1
1164 503 1153 67 -1
1165 67 -1
1166 1153 67 1156 -1
1167 1018 588 2022 67 503 -1
1168 2022 585 2 67 0 -1
1169 1753 67 1158 -1
1170 1131 0 124 5 2 1159 1000 746 1753 1 583 1337 1135 1001 30 989 67 1747 2015 -1
1171 1153 1753 67 137 112 882 -1
1172 67 -1
1173 67 779 1153 -1
1174 1813 315 -1
1175 68 -1
1176 68 95 -1
1177 68 402 -1
1178 8 2 1335 1338 1135 1138 68 -1
1179 1469 726 315 1182 69 -1
1180 315 69 1182 726 -1
1181 69 -1
1182 1741 -1
1183 -1
1184 1536 70 -1
1185 70 742 -1
1186 1806 2061 748 -1
1187 989 70 -1
1188 584 2074 742 1113 -1
1189 70 -1
1190 748 -1
1191 746 70 1737 -1
1192 1333 1888 5 -1
1193 1710 -1
1194 70 -1
1195 1813 -1
1196 -1
1197 70 -1
1198 70 -1
1199 22 70 1113 -1
1200 1411 828 1876 2077 748 1926 1000 584 2062 52 583 1888 1875 992 1877 1339 544 1152 70 1732 -1
1201 1206 1202 1203 1208 -1
1202 1206 1201 -1
1203 -1
1204 1201 1202 1203 -1
1205 1201 1202 1203 -1
1206 1201 1202 1203 -1
1207 1201 1202 1203 -1
1208 1201 1202 1203 -1
1209 1201 1202 1203 -1
1210 1201 1202 1203 -1
1211 1201 1202 1203 -1
1212 2 72 -1
1213 1113 72 1604 1128 -1
1214 72 1128 -1
1215 72 -1
1216 1217 -1
1217 -1
1218 1217 -1
1219 1715 -1
1220 -1
1221 1813 -1
1222 2061 75 778 -1
1223 -1
1224 -1
1225 1243 -1
1226 1232 1243 -1
1227 1225 1226 1236 1243 1244 -1
1228 1236 1243 -1
1229 1236 -1
1230 1236 1243 1244 -1
1231 1236 1243 1244 -1
1232 1226 1236 1243 1244 -1
1233 1236 1243 1244 -1
1234 1236 1243 1244 -1
1235 1236 1243 1244 -1
1236 1227 1228 1229 1230 1231 1232 1233 1234 1235 1237 1238 1245 -1
1237 1236 1243 1244 -1
1238 1236 1243 1244 -1
1239 1236 1243 1244 -1
1240 1236 1243 1244 -1
1241 1227 1228 1229 1230 1231 1232 1233 1234 1235 1237 1238 1239 1240 1245 1246 1247 1244 -1
1242 1227 1228 1229 1230 1231 1232 1233 1234 1235 1237 1238 1239 1240 1245 1246 1247 1244 -1
1243 -1
1244 -1
1245 1236 1243 1244 -1
1246 1236 1243 1244 -1
1247 1236 1243 1244 -1
1248 1225 1226 1236 1240 1243 1244 -1
1249 -1
1250 -1
1251 -1
1252 -1
1253 -1
1254 -1
1255 -1
1256 954 -1
1257 -1
1258 -1
1259 -1
1260 -1
1261 -1
1262 -1
1263 -1
1264 -1
1265 -1
1266 -1
1267 -1
1268 -1
1269 -1
1270 -1
1271 1274 -1
1272 -1
1273 -1
1274 840 -1
1275 -1
1276 -1
1277 1263 1270 1272 1273 1274 1275 1278 -1
1278 -1
1279 78 -1
1280 78 -1
1281 1933 1066 583 30 78 -1
1282 78 592 1604 -1
1283 1313 1301 1302 1305 1292 1306 1319 1307 1308 1309 1304 1303 1324 1314 1315 1317 1320 1323 1316 1325 1326 -1
1284 1313 1301 1302 1305 1292 1306 1319 1307 1308 1309 1304 1303 1324 1314 1315 1317 1320 1323 1316 1325 1326 -1
1285 1313 1301 1302 1305 1292 1306 1319 1307 1308 1309 1304 1303 1324 1314 1315 1317 1320 1323 1316 1325 1326 -1
1286 1313 1301 1302 1305 1292 1325 1326 -1
1287 1313 1301 1302 1305 1292 1319 1320 1315 1323 1324 1317 1316 1325 1326 -1
1288 1313 1301 1302 1305 1292 1306 1319 1320 1315 1323 1324 1317 1316 1325 1326 -1
1289 1313 1301 1302 1305 1292 1306 1319 1320 1315 1323 1324 1317 1316 1325 1326 -1
1290 1313 1301 1302 1305 1292 1306 1319 1307 1308 1309 1303 1324 1314 1315 1317 1320 1323 1316 1325 1326 -1
1291 1313 1301 1302 1305 1292 1320 1319 1315 1323 1324 1317 1316 1325 1326 -1
1292 1283 1321 1322 1326 -1
1293 1313 1301 1302 1305 1292 1306 1319 1307 1308 1309 1304 1303 1324 1314 1315 1317 1320 1323 1316 1325 1326 -1
1294 -1
1295 -1
1296 -1
1297 -1
1298 -1
1299 -1
1300 -1
1301 1283 1326 -1
1302 -1
1303 1283 1321 1322 1326 -1
1304 1283 1321 1322 1326 -1
1305 1283 1321 1322 1326 -1
1306 1283 1321 1322 1326 -1
1307 1283 1321 1322 1326 -1
1308 1283 1321 1322 1326 -1
1309 1283 1321 1322 1326 -1
1310 1313 1301 1302 1305 1292 1320 1319 1315 1323 1324 1317 1316 1325 1326 -1
1311 1313 1301 1302 1305 1292 1306 1319 1307 1308 1309 1304 1303 1324 1314 1315 1317 1320 1323 1316 1325 1326 -1
1312 1313 1301 1302 1305 1292 1306 1319 1325 1326 -1
1313 1283 1321 1322 1326 -1
1314 1283 1321 1322 1326 -1
1315 1283 1322 1321 1326 -1
1316 1283 1321 1322 1326 -1
1317 1283 1321 1322 1326 -1
1318 1283 1321 1322 1326 -1
1319 1283 1293 1286 1312 1287 1321 1322 1326 -1
1320 1283 1286 1287 1288 1289 1291 1311 1312 1294 1296 1295 1298 1297 1321 1322 1326 -1
1321 1313 1301 1302 1305 1292 1306 1319 1307 1308 1309 1304 1303 1324 1314 1315 1317 1316 1320 1323 1325 1326 -1
1322 1313 1301 1302 1305 1292 1306 1319 1307 1308 1309 1304 1303 1324 1314 1315 1317 1316 1320 1323 1325 1326 -1
1323 1283 1321 1322 1326 -1
1324 1283 1321 1322 1326 -1
1325 1283 1326 1321 1322 -1
1326 -1
1327 1292 1294 1295 1296 1297 1298 1299 1300 1301 1302 1303 1304 1305 1306 1307 1308 1309 1313 1314 1315 1316 1317 1318 1319 1320 1323 1324 1325 1326 -1
1328 1292 1294 1295 1296 1297 1298 1299 1300 1301 1302 1303 1304 1305 1306 1307 1308 1309 1313 1314 1315 1316 1317 1318 1319 1320 1323 1324 1325 1326 -1
1329 -1
1330 -1
1331 -1
1332 -1
1333 -1
1334 -1
1335 -1
1336 -1
1337 -1
1338 -1
1339 1896 -1
1340 -1
1341 1343 801 -1
1342 70 80 -1
1343 1737 1438 1021 650 1001 760 763 670 80 174 -1
1344 583 585 1125 5 80 1124 89 -1
1345 1813 -1
1346 -1
1347 -1
1348 -1
1349 -1
1350 -1
1351 -1
1352 -1
1353 -1
1354 -1
1355 -1
1356 1 -1
1357 -1
1358 -1
1359 81 -1
1360 1813 -1
1361 1356 107 1618 774 1355 81 -1
1362 -1
1363 1813 315 -1
1364 -1
1365 1004 -1
1366 -1
1367 -1
1368 -1
1369 -1
1370 -1
1371 -1
1372 -1
1373 -1
1374 -1
1375 315 -1
1376 -1
1377 -1
1378 -1
1379 0 3 1124 731 124 32 5 585 2 -1
1380 1741 -1
1381 7 1332 0 585 10 205 -1
1382 1741 -1
1383 585 0 583 828 124 1131 -1
1384 -1
1385 82 3 736 -1
1386 1813 -1
1387 -1
1388 85 -1
1389 -1
1390 -1
1391 -1
1392 1732 544 748 85 1339 -1
1393 1916 371 824 85 -1
1394 7 1000 85 1418 583 1219 1337 400 1732 -1
1395 85 1881 -1
1396 1916 988 583 1888 1877 1339 1878 85 -1
1397 583 1737 1732 1411 1806 85 377 1880 39 546 -1
1398 1882 7 85 1767 583 992 748 544 147 1731 1732 954 -1
1399 85 -1
1400 85 -1
1401 586 587 85 1411 1333 989 7 584 1337 26 678 2012 1926 742 194 -1
1402 85 -1
1403 1813 -1
1404 1000 85 1444 -1
1405 1813 -1
1406 30 742 85 1447 -1
1407 85 -1
1408 801 1640 2062 954 1926 1874 583 85 584 1881 52 1907 1448 -1
1409 85 -1
1410 872 85 583 -1
1411 85 1390 1391 -1
1412 1888 1737 1339 1152 583 85 1881 1736 7 1337 2074 1732 -1
1413 1882 1926 1000 584 1881 583 1883 52 1886 1885 1888 374 1890 1891 1892 1893 988 1874 1875 1878 24 147 1916 989 778 85 1152 824 -1
1414 85 -1
1415 2078 -1
1416 1337 1888 1881 1411 7 778 1916 583 584 612 2074 52 1339 824 85 26 1153 9 -1
1417 85 -1
1418 -1
1419 1422 1423 -1
1420 996 -1
1421 -1
1422 -1
1423 -1
1424 -1
1425 -1
1426 86 -1
1427 86 -1
1428 86 1425 -1
1429 1926 1737 86 611 594 85 1352 121 1884 584 -1
1430 86 -1
1431 778 583 584 86 -1
1432 86 -1
1433 86 -1
1434 86 -1
1435 587 86 -1
1436 86 -1
1437 1897 1339 1908 86 778 -1
1438 1152 1736 2069 1876 988 2077 1339 1000 584 998 2074 1874 997 583 1337 102 992 994 993 683 999 376 1734 52 1886 1888 1219 1889 1883 1890 1891 1893 89 1108 990 995 996 860 1448 10 1411 5 7 35 86 593 2075 26 1881 746 30 544 70 1732 85 24 21 1751 1113 -1
1439 86 584 1425 -1
1440 -1
1441 87 273 -1
1442 1813 -1
1443 -1
1444 670 -1
1445 -1
1446 -1
1447 -1
1448 840 -1
1449 -1
1450 995 748 -1
1451 988 583 89 778 1881 -1
1452 89 -1
1453 583 1000 992 89 989 1732 544 748 -1
1454 1926 -1
1455 1813 -1
1456 544 1411 7 1736 988 1926 584 1881 1732 583 89 748 1339 377 -1
1457 89 -1
1458 1874 -1
1459 583 1883 52 1885 1893 1888 89 1892 1890 1891 990 994 1882 992 2062 1878 1339 102 1877 1876 999 1001 2075 -1
1460 583 584 1926 89 592 -1
1461 89 -1
1462 1916 988 1737 584 1881 583 89 1339 612 996 52 1888 1890 2073 30 742 1333 778 -1
1463 777 503 583 89 -1
1464 583 1916 89 989 -1
1465 1732 996 -1
1466 584 989 2075 1877 998 1000 1888 89 377 -1
1467 997 546 583 1737 742 89 -1
1468 90 1469 -1
1469 -1
1470 -1
1471 91 -1
1472 91 -1
1473 91 -1
1474 91 -1
1475 91 1710 -1
1476 91 585 -1
1477 91 -1
1478 1604 1505 2015 954 22 1131 988 1737 746 1 585 583 1337 1339 1001 91 1732 592 1926 503 742 -1
1479 778 583 988 1874 1751 92 -1
1480 92 -1
1481 988 92 -1
1482 -1
1483 -1
1484 -1
1485 93 -1
1486 1484 93 -1
1487 1504 1505 1506 -1
1488 1504 1505 1506 -1
1489 1504 1505 1506 -1
1490 1504 1505 1506 -1
1491 1504 1505 1506 -1
1492 1504 1505 1506 -1
1493 1504 1505 1506 -1
1494 1504 1505 1506 -1
1495 1504 1505 1506 -1
1496 1504 1505 1506 -1
1497 1504 1505 1506 -1
1498 1504 1505 1506 -1
1499 1504 1505 1506 -1
1500 1504 1505 1506 -1
1501 1504 1505 1506 -1
1502 1504 1505 1506 -1
1503 1504 1505 1506 -1
1504 1505 -1
1505 1504 1488 1506 1493 1490 -1
1506 1505 1490 1488 1504 -1
1507 1504 1505 1506 -1
1508 1487 1488 1489 1490 1491 1492 1493 1494 1495 1496 1497 1498 1499 1500 1501 1502 1503 1504 1506 94 -1
1509 1488 1490 1493 1494 1496 1497 1499 1500 1502 1503 94 1505 -1
1510 1504 1505 1506 -1
1511 1488 1490 1493 1494 1496 1497 1499 1500 1502 1503 94 1505 -1
1512 1487 1488 1489 1490 1491 1492 1493 1494 1495 1496 1497 1498 1499 1500 1501 1502 1503 1504 1506 94 -1
1513 -1
1514 -1
1515 -1
1516 -1
1517 -1
1518 -1
1519 -1
1520 -1
1521 1513 1514 1515 1516 1517 1518 1519 1520 1523 -1
1522 1513 1514 1515 1516 1517 1518 1519 -1
1523 -1
1524 1513 1514 1515 1516 1517 1518 1519 -1
1525 1513 1514 1515 1516 1517 1518 1519 1520 1522 1523 1524 -1
1526 -1
1527 -1
1528 -1
1529 1124 28 5 10 1115 1129 95 1134 273 -1
1530 273 95 585 583 -1
1531 1513 1514 1515 1516 1517 1518 1519 1520 1523 -1
1532 1124 28 5 10 1115 1129 95 1134 273 -1
1533 0 3 1124 731 124 32 5 585 2 -1
1534 1813 -1
1535 1513 1514 1515 1516 1517 1518 1519 1520 1522 1523 -1
1536 -1
1537 -1
1538 1536 1537 96 -1
1539 96 -1
1540 1813 315 -1
1541 96 -1
1542 97 872 -1
1543 99 -1
1544 99 -1
1545 99 -1
1546 99 -1
1547 99 -1
1548 99 -1
1549 99 -1
1550 315 1339 -1
1551 99 -1
1552 99 587 503 -1
1553 99 -1
1554 99 -1
1555 745 124 1124 1768 503 -1
1556 99 -1
1557 99 -1
1558 99 -1
1559 778 1124 1131 -1
1560 99 -1
1561 99 -1
1562 99 -1
1563 1813 -1
1564 99 -1
1565 1066 1852 315 1391 954 1724 2015 1113 588 587 586 -1
1566 99 -1
1567 99 -1
1568 99 -1
1569 1933 99 541 -1
1570 99 -1
1571 1777 99 587 588 503 1339 -1
1572 99 -1
1573 1294 -1
1574 1294 1298 -1
1575 -1
1576 -1
1577 748 -1
1578 1116 1003 1876 993 1916 748 1926 1000 583 102 101 1877 1339 997 1438 996 1731 1152 70 1732 1893 -1
1579 -1
1580 -1
1581 102 -1
1582 1813 -1
1583 102 -1
1584 990 995 988 1877 1339 102 1000 584 30 756 -1
1585 1908 988 584 102 1337 583 216 1751 778 1411 1009 -1
1586 102 778 -1
1587 108 102 -1
1588 1874 583 1883 52 102 1878 1908 778 -1
1589 583 1874 1339 1876 102 1877 70 989 39 -1
1590 778 102 583 -1
1591 1339 584 988 102 -1
1592 1590 108 102 -1
1593 102 -1
1594 102 -1
1595 588 587 586 1440 777 1113 585 503 1505 1000 584 990 997 583 102 1877 996 1333 778 783 1933 -1
1596 102 -1
1597 778 102 583 -1
1598 1908 988 584 102 1337 583 1751 778 -1
1599 1876 988 102 1877 1339 1878 -1
1600 584 1000 102 746 989 -1
1601 1916 988 1339 1000 85 584 997 583 1888 102 1732 52 1883 1878 1890 -1
1602 1580 102 -1
1603 -1
1604 -1
1605 -1
1606 1605 1608 1609 -1
1607 1605 1608 1609 -1
1608 -1
1609 -1
1610 104 -1
1611 104 -1
1612 105 -1
1613 105 -1
1614 105 -1
1615 1813 315 -1
1616 1813 315 -1
1617 106 -1
1618 -1
1619 -1
1620 -1
1621 -1
1622 -1
1623 -1
1624 -1
1625 -1
1626 -1
1627 -1
1628 -1
1629 -1
1630 -1
1631 1131 -1
1632 2 107 -1
1633 107 -1
1634 107 1138 -1
1635 585 1335 107 2 -1
1636 254 107 2022 -1
1637 588 2 583 107 1788 -1
1638 81 503 107 1138 -1
1639 2 583 107 -1
1640 -1
1641 1138 134 108 -1
1642 587 586 230 1131 1125 503 108 585 1154 1117 2015 1113 777 524 -1
1643 0 1153 1117 1158 503 108 585 6 -1
1644 2015 108 -1
1645 108 -1
1646 205 585 1153 108 -1
1647 108 585 2015 1154 840 -1
1648 1125 1483 1135 108 -1
1649 108 -1
1650 108 -1
1651 1159 108 -1
1652 585 1138 2022 1154 503 1 108 1112 0 1951 1158 -1
1653 108 1113 -1
1654 108 -1
1655 108 1355 1117 2015 503 585 1 9 -1
1656 2 1335 1154 1125 269 108 -1
1657 1154 1125 585 230 108 587 586 -1
1658 108 -1
1659 109 -1
1660 109 -1
1661 51 1888 778 583 1339 1000 109 70 -1
1662 -1
1663 1813 -1
1664 111 -1
1665 70 -1
1666 1813 -1
1667 113 -1
1668 113 1337 2074 715 1219 1737 26 641 1888 -1
1669 113 -1
1670 113 -1
1671 113 1670 -1
1672 -1
1673 -1
1674 115 -1
1675 115 -1
1676 2077 748 147 600 606 609 116 -1
1677 1000 584 1881 1874 583 52 1885 1888 374 1890 1891 1892 1893 990 995 1908 612 147 116 1876 988 1339 1878 5 377 1879 997 1926 778 2074 30 -1
1678 1908 116 -1
1679 116 -1
1680 85 748 39 727 600 116 610 611 1101 98 -1
1681 1813 -1
1682 1916 116 -1
1683 1876 988 1352 1892 116 584 2074 52 1888 1001 1889 1883 24 -1
1684 116 -1
1685 116 -1
1686 1916 -1
1687 116 -1
1688 116 2061 -1
1689 116 315 -1
1690 1710 116 2078 -1
1691 2061 -1
1692 116 1916 -1
1693 2061 1735 116 315 -1
1694 1724 1113 2015 116 -1
1695 585 988 9 -1
1696 116 -1
1697 1336 778 24 116 -1
1698 116 -1
1699 1916 727 599 602 1604 608 24 116 610 1220 -1
1700 116 315 -1
1701 1113 -1
1702 116 -1
1703 24 1710 116 -1
1704 1000 584 1881 1874 583 52 1885 1888 374 1890 1891 1892 1893 990 995 1908 612 147 116 1876 988 1339 1878 5 377 1879 997 1926 778 2074 30 -1
1705 116 -1
1706 117 -1
1707 -1
1708 -1
1709 1707 1708 -1
1710 1 118 -1
1711 118 -1
1712 1711 230 1853 118 1140 -1
1713 1813 -1
1714 121 1219 119 -1
1715 121 1219 119 -1
1716 989 -1
1717 -1
1718 1717 828 748 -1
1719 1717 594 854 748 -1
1720 1926 1737 86 611 594 85 1352 121 1884 584 -1
1721 121 1243 1244 -1
1722 121 1219 989 26 21 996 -1
1723 121 1219 989 26 21 996 -1
1724 -1
1725 -1
1726 -1
1727 -1
1728 -1
1729 -1
1730 -1
1731 -1
1732 748 544 -1
1733 -1
1734 -1
1735 -1
1736 -1
1737 -1
1738 -1
1739 1152 -1
1740 742 123 -1
1741 -1
1742 -1
1743 -1
1744 503 989 583 1742 46 778 773 1124 124 1758 2 8 -1
1745 -1
1746 -1
1747 -1
1748 308 309 312 313 314 315 316 -1
1749 505 506 -1
1750 -1
1751 -1
1752 -1
1753 255 256 257 -1
1754 1368 -1
1755 -1
1756 1608 -1
1757 -1
1758 505 506 -1
1759 -1
1760 -1
1761 -1
1762 -1
1763 -1
1764 -1
1765 -1
1766 -1
1767 -1
1768 -1
1769 -1
1770 -1
1771 -1
1772 -1
1773 -1
1774 -1
1775 124 -1
1776 1068 315 124 1478 -1
1777 124 -1
1778 124 -1
1779 124 -1
1780 124 -1
1781 124 -1
1782 30 742 1732 124 -1
1783 124 -1
1784 0 5 124 2 1 585 583 780 1339 52 147 1732 -1
1785 124 -1
1786 2 124 746 1 1170 -1
1787 124 1368 -1
1788 -1
1789 1332 124 585 -1
1790 -1
1791 -1
1792 -1
1793 -1
1794 -1
1795 1132 1117 1131 1111 108 9 6 1127 91 14 126 -1
1796 1732 954 999 544 748 126 1448 -1
1797 1117 1131 1111 1132 108 9 6 1127 91 14 126 -1
1798 126 -1
1799 126 -1
1800 0 126 -1
1801 0 585 6 9 147 126 1112 -1
1802 2061 1115 126 -1
1803 126 -1
1804 503 585 126 1153 780 -1
1805 1724 126 1735 2061 -1
1806 -1
1807 -1
1808 -1
1809 -1
1810 -1
1811 1813 315 -1
1812 -1
1813 1806 -1
1814 315 -1
1815 -1
1816 -1
1817 -1
1818 -1
1819 -1
1820 -1
1821 -1
1822 -1
1823 -1
1824 -1
1825 -1
1826 -1
1827 -1
1828 315 -1
1829 -1
1830 315 -1
1831 315 -1
1832 -1
1833 -1
1834 315 -1
1835 1018 -1
1836 -1
1837 -1
1838 -1
1839 -1
1840 -1
1841 -1
1842 -1
1843 -1
1844 -1
1845 -1
1846 -1
1847 -1
1848 128 1847 -1
1849 1846 583 778 544 748 1608 -1
1850 128 7 1339 996 1732 -1
1851 1813 -1
1852 -1
1853 -1
1854 -1
1855 1852 1853 1152 -1
1856 1852 1853 -1
1857 1856 129 1852 1853 1152 -1
1858 1852 1853 1152 -1
1859 1852 1853 1152 -1
1860 1124 28 0 11 19 2 1131 129 1892 1332 1 583 1152 214 -1
1861 1852 1853 1152 -1
1862 1852 1853 1152 -1
1863 1852 1853 1152 -1
1864 1852 1853 1152 -1
1865 1856 129 1852 1853 1152 -1
1866 1852 1853 1152 -1
1867 1852 1853 1152 -1
1868 1856 129 1852 1853 1152 -1
1869 1813 315 -1
1870 130 -1
1871 1751 130 583 1000 1002 1873 -1
1872 130 -1
1873 -1
1874 -1
1875 -1
1876 -1
1877 -1
1878 -1
1879 -1
1880 -1
1881 -1
1882 1108 778 -1
1883 194 -1
1884 -1
1885 -1
1886 -1
1887 -1
1888 -1
1889 -1
1890 583 -1
1891 -1
1892 -1
1893 -1
1894 1876 583 1888 1877 1339 1732 -1
1895 778 -1
1896 -1
1897 -1
1898 1339 1897 131 -1
1899 1732 377 -1
1900 584 1448 1585 131 1877 988 85 1333 1732 -1
1901 131 1806 2078 -1
1902 565 1133 1897 131 1339 584 -1
1903 1339 584 131 2015 1897 593 -1
1904 -1
1905 -1
1906 -1
1907 -1
1908 -1
1909 -1
1910 -1
1911 -1
1912 -1
1913 -1
1914 -1
1915 -1
1916 -1
1917 -1
1918 -1
1919 -1
1920 -1
1921 0 10 205 4 2 124 -1
1922 -1
1923 -1
1924 -1
1925 -1
1926 -1
1927 -1
1928 -1
1929 -1
1930 1908 133 147 583 1916 1926 315 -1
1931 1926 147 1916 2077 989 843 594 583 670 748 1928 593 -1
1932 1929 -1
1933 -1
1934 -1
1935 588 -1
1936 1934 -1
1937 134 -1
1938 1853 1154 1125 134 1332 585 503 -1
1939 134 -1
1940 134 -1
1941 2015 134 1202 1113 -1
1942 134 605 -1
1943 134 -1
1944 2015 134 1604 108 -1
1945 134 -1
1946 134 -1
1947 134 605 -1
1948 134 2015 1604 108 -1
1949 954 134 2015 1604 108 1113 -1
1950 1710 134 -1
1951 -1
1952 1127 -1
1953 134 -1
1954 134 -1
1955 1125 134 585 205 2015 160 1127 -1
1956 134 -1
1957 108 2015 134 503 0 585 205 22 2022 1206 -1
1958 1113 134 2015 -1
1959 134 1933 -1
1960 1984 -1
1961 1960 1985 1986 -1
1962 1960 1985 1986 -1
1963 1960 1985 1986 -1
1964 1960 1985 1986 -1
1965 1960 1985 1986 -1
1966 1960 1985 1986 -1
1967 1960 1985 1986 -1
1968 1960 1985 1986 -1
1969 1960 1985 1986 -1
1970 1960 1985 1986 -1
1971 1960 1985 1986 -1
1972 1960 1985 1986 -1
1973 1960 1985 1986 -1
1974 1960 1985 1986 -1
1975 1960 1985 1986 -1
1976 1960 1985 1986 -1
1977 1960 1985 1986 -1
1978 1960 1985 1986 -1
1979 1960 1985 1986 -1
1980 1960 1985 1986 -1
1981 1960 1985 1986 -1
1982 1960 1985 1986 -1
1983 1960 1985 1986 -1
1984 1294 1960 -1
1985 -1
1986 -1
1987 1296 1295 1298 1299 1300 1151 1961 1962 1963 1964 1965 1966 1967 1968 1969 1970 1971 1972 1973 1974 1975 1976 1977 1978 1979 1980 1981 135 1982 1983 1984 1960 1985 1986 -1
1988 -1
1989 -1
1990 -1
1991 137 -1
1992 137 -1
1993 137 -1
1994 1995 1996 1998 1999 2000 2001 2003 2004 2005 2011 2012 2013 2014 2015 -1
1995 1994 -1
1996 1994 -1
1997 1995 1996 1998 1999 2000 2001 2003 2004 2005 2011 2012 2013 2014 2015 -1
1998 1994 -1
1999 1994 -1
2000 1994 -1
2001 1994 -1
2002 1995 1996 1998 1999 2000 2001 2003 2004 2005 2011 2012 2013 2014 2015 -1
2003 1994 -1
2004 1994 -1
2005 1994 -1
2006 1995 1996 1998 1999 2000 2001 2003 2004 2005 2011 2012 2013 2014 2015 -1
2007 1995 1996 1998 1999 2000 2001 2003 2004 2005 2011 2012 2013 2014 2015 -1
2008 1995 1996 1998 1999 2000 2001 2003 2004 2005 2011 2012 2013 2014 2015 -1
2009 1995 1996 1998 1999 2000 2001 2003 2004 2005 2011 2012 2013 2014 2015 -1
2010 1995 1996 1998 1999 2000 2001 2003 2004 2005 2011 2012 2013 2014 2015 -1
2011 -1
2012 -1
2013 -1
2014 -1
2015 524 -1
2016 139 -1
2017 1741 -1
2018 -1
2019 -1
2020 -1
2021 -1
2022 523 -1
2023 -1
2024 -1
2025 -1
2026 -1
2027 -1
2028 -1
2029 -1
2030 1294 -1
2031 -1
2032 -1
2033 -1
2034 -1
2035 -1
2036 -1
2037 954 2022 141 -1
2038 141 2022 -1
2039 2022 141 -1
2040 1335 141 -1
2041 -1
2042 2022 141 -1
2043 697 -1
2044 2022 141 -1
2045 2022 141 -1
2046 1294 -1
2047 -1
2048 -1
2049 1339 1755 142 -1
2050 -1
2051 143 592 1926 -1
2052 2054 1604 143 -1
2053 143 -1
2054 -1
2055 1332 2050 -1
2056 143 -1
2057 2054 143 1604 -1
2058 143 592 1926 -1
2059 2054 143 1332 -1
2060 143 -1
2061 1806 -1
2062 -1
2063 1504 1505 1506 -1
2064 -1
2065 -1
2066 -1
2067 144 2078 -1
2068 144 1113 1608 -1
2069 145 544 -1
2070 145 -1
2071 145 -1
2072 145 -1
2073 -1
2074 -1
2075 -1
2076 -1
2077 -1
2078 -1
2079 -1
2080 612 147 778 1908 594 583 1000 1368 -1
2081 1674 147 1608 -1
2082 1813 -1
2083 147 -1
2084 778 147 -1
2085 147 1908 1910 -1
2086 778 1908 593 147 -1
2087 147 -1
2088 1908 1879 988 1000 1881 52 583 1893 1888 1337 1877 1339 147 1874 778 1890 1910 1710 1933 1852 1926 1113 587 586 1440 2015 1066 1018 -1
2089 147 -1
2090 593 594 597 -1
2091 147 594 1735 1113 593 778 592 -1
2092 1608 147 -1
2093 147 -1
2094 147 -1
2095 1012 147 -1
2096 1907 147 -1
